Algoritmo: Busca em profundidade Iterativa 4x4
Complexidade: SIMPLES
Nós visitados: 14
Quantidade nós explorados: 12
Profundidade da meta: 14
Tempo de execução: 0.008 segundos
Estados gerados: [
-------------
| 0 0 | 0 3 |
| 0 0 | 0 1 |
-------------
| 1 0 | 0 0 |
| 4 0 | 0 0 |
-------------
, 
-------------
| 2 0 | 0 3 |
| 0 0 | 0 1 |
-------------
| 1 0 | 0 0 |
| 4 0 | 0 0 |
-------------
, 
-------------
| 2 1 | 0 3 |
| 0 0 | 0 1 |
-------------
| 1 0 | 0 0 |
| 4 0 | 0 0 |
-------------
, 
-------------
| 2 1 | 4 3 |
| 0 0 | 0 1 |
-------------
| 1 0 | 0 0 |
| 4 0 | 0 0 |
-------------
, 
-------------
| 2 1 | 4 3 |
| 3 0 | 0 1 |
-------------
| 1 0 | 0 0 |
| 4 0 | 0 0 |
-------------
, 
-------------
| 2 1 | 4 3 |
| 3 2 | 0 1 |
-------------
| 1 0 | 0 0 |
| 4 0 | 0 0 |
-------------
, 
-------------
| 2 1 | 4 3 |
| 3 4 | 0 1 |
-------------
| 1 0 | 0 0 |
| 4 0 | 0 0 |
-------------
, 
-------------
| 2 1 | 4 3 |
| 3 4 | 2 1 |
-------------
| 1 0 | 0 0 |
| 4 0 | 0 0 |
-------------
, 
-------------
| 2 1 | 4 3 |
| 3 4 | 2 1 |
-------------
| 1 2 | 0 0 |
| 4 0 | 0 0 |
-------------
, 
-------------
| 2 1 | 4 3 |
| 3 4 | 2 1 |
-------------
| 1 2 | 3 0 |
| 4 0 | 0 0 |
-------------
, 
-------------
| 2 1 | 4 3 |
| 3 4 | 2 1 |
-------------
| 1 2 | 3 4 |
| 4 0 | 0 0 |
-------------
, 
-------------
| 2 1 | 4 3 |
| 3 4 | 2 1 |
-------------
| 1 2 | 3 4 |
| 4 3 | 0 0 |
-------------
, 
-------------
| 2 1 | 4 3 |
| 3 4 | 2 1 |
-------------
| 1 2 | 3 4 |
| 4 3 | 1 0 |
-------------
, 
-------------
| 2 1 | 4 3 |
| 3 4 | 2 1 |
-------------
| 1 2 | 3 4 |
| 4 3 | 1 2 |
-------------
]
