Algoritmo: Subida Encosta com Movimentos Laterais de tamanho 4x4
Complexidade: SIMPLES
Custo inicial: 12
Custo final: 0
Nós visitados: 76
Tempo de execução: 0.021 segundos
Estados gerados: [
-------------
| 0 0 | 0 3 |
| 0 0 | 0 1 |
-------------
| 1 0 | 0 0 |
| 4 0 | 0 0 |
-------------
, 
-------------
| 0 0 | 0 3 |
| 0 0 | 0 1 |
-------------
| 1 0 | 0 0 |
| 4 0 | 0 0 |
-------------
, 
-------------
| 0 0 | 0 3 |
| 0 0 | 0 1 |
-------------
| 1 0 | 0 0 |
| 4 0 | 0 0 |
-------------
, 
-------------
| 0 0 | 0 3 |
| 0 0 | 0 1 |
-------------
| 0 0 | 0 0 |
| 4 0 | 1 0 |
-------------
, 
-------------
| 0 0 | 0 3 |
| 0 0 | 0 1 |
-------------
| 0 0 | 0 0 |
| 4 0 | 1 0 |
-------------
, 
-------------
| 0 0 | 0 3 |
| 0 0 | 0 1 |
-------------
| 0 0 | 0 0 |
| 4 0 | 1 2 |
-------------
, 
-------------
| 0 0 | 4 3 |
| 0 0 | 0 1 |
-------------
| 0 0 | 0 0 |
| 4 0 | 1 2 |
-------------
, 
-------------
| 0 0 | 4 3 |
| 0 0 | 0 1 |
-------------
| 2 0 | 0 0 |
| 4 0 | 1 0 |
-------------
, 
-------------
| 0 0 | 4 3 |
| 0 0 | 0 1 |
-------------
| 2 0 | 0 0 |
| 4 0 | 1 0 |
-------------
, 
-------------
| 0 1 | 4 3 |
| 0 0 | 0 1 |
-------------
| 2 0 | 0 0 |
| 4 0 | 0 0 |
-------------
, 
-------------
| 0 1 | 4 3 |
| 0 0 | 0 1 |
-------------
| 2 0 | 0 0 |
| 4 0 | 0 0 |
-------------
, 
-------------
| 0 1 | 4 3 |
| 0 0 | 0 1 |
-------------
| 2 0 | 0 0 |
| 4 0 | 0 0 |
-------------
, 
-------------
| 0 1 | 4 3 |
| 3 0 | 0 1 |
-------------
| 2 0 | 0 0 |
| 4 0 | 0 0 |
-------------
, 
-------------
| 0 1 | 4 3 |
| 3 0 | 0 1 |
-------------
| 2 0 | 0 0 |
| 4 0 | 0 0 |
-------------
, 
-------------
| 0 1 | 4 3 |
| 3 0 | 0 1 |
-------------
| 2 0 | 0 0 |
| 4 2 | 0 0 |
-------------
, 
-------------
| 0 1 | 4 3 |
| 3 0 | 0 1 |
-------------
| 2 0 | 0 0 |
| 4 2 | 0 0 |
-------------
, 
-------------
| 0 1 | 4 3 |
| 3 0 | 0 1 |
-------------
| 2 0 | 0 0 |
| 4 2 | 0 0 |
-------------
, 
-------------
| 0 1 | 4 3 |
| 3 0 | 0 1 |
-------------
| 2 0 | 0 4 |
| 4 2 | 0 0 |
-------------
, 
-------------
| 0 1 | 4 3 |
| 3 0 | 0 1 |
-------------
| 2 0 | 0 4 |
| 4 2 | 0 0 |
-------------
, 
-------------
| 0 1 | 4 3 |
| 3 0 | 0 1 |
-------------
| 2 0 | 0 4 |
| 4 2 | 0 0 |
-------------
, 
-------------
| 0 1 | 4 0 |
| 3 0 | 0 1 |
-------------
| 2 0 | 0 4 |
| 4 2 | 0 3 |
-------------
, 
-------------
| 0 1 | 4 0 |
| 3 0 | 0 1 |
-------------
| 2 0 | 0 4 |
| 4 2 | 0 3 |
-------------
, 
-------------
| 0 1 | 4 0 |
| 3 0 | 0 1 |
-------------
| 2 0 | 0 4 |
| 4 0 | 2 3 |
-------------
, 
-------------
| 0 1 | 4 0 |
| 3 0 | 0 2 |
-------------
| 2 0 | 0 4 |
| 4 0 | 1 3 |
-------------
, 
-------------
| 0 1 | 4 0 |
| 3 0 | 0 2 |
-------------
| 2 0 | 0 4 |
| 4 0 | 1 3 |
-------------
, 
-------------
| 0 1 | 4 0 |
| 3 0 | 0 2 |
-------------
| 2 0 | 0 4 |
| 4 0 | 1 3 |
-------------
, 
-------------
| 0 1 | 4 0 |
| 3 0 | 0 2 |
-------------
| 2 0 | 0 4 |
| 4 0 | 1 3 |
-------------
, 
-------------
| 0 1 | 4 0 |
| 3 0 | 0 2 |
-------------
| 2 0 | 0 4 |
| 4 0 | 1 3 |
-------------
, 
-------------
| 0 1 | 4 0 |
| 3 0 | 0 2 |
-------------
| 2 0 | 0 4 |
| 4 0 | 1 3 |
-------------
, 
-------------
| 0 1 | 4 0 |
| 3 4 | 0 2 |
-------------
| 2 0 | 0 4 |
| 4 0 | 1 3 |
-------------
, 
-------------
| 0 1 | 4 3 |
| 3 4 | 0 2 |
-------------
| 2 0 | 0 4 |
| 4 0 | 1 0 |
-------------
, 
-------------
| 0 1 | 4 3 |
| 3 4 | 0 2 |
-------------
| 0 0 | 0 4 |
| 4 2 | 1 0 |
-------------
, 
-------------
| 0 1 | 4 3 |
| 3 4 | 0 0 |
-------------
| 2 0 | 0 4 |
| 4 2 | 1 0 |
-------------
, 
-------------
| 0 1 | 4 3 |
| 3 4 | 0 0 |
-------------
| 2 0 | 0 4 |
| 4 2 | 1 0 |
-------------
, 
-------------
| 0 1 | 4 3 |
| 3 4 | 0 0 |
-------------
| 2 0 | 0 4 |
| 4 2 | 1 0 |
-------------
, 
-------------
| 0 1 | 4 0 |
| 3 4 | 0 0 |
-------------
| 2 3 | 0 4 |
| 4 2 | 1 0 |
-------------
, 
-------------
| 0 1 | 4 3 |
| 3 4 | 0 0 |
-------------
| 2 3 | 0 4 |
| 4 2 | 1 0 |
-------------
, 
-------------
| 0 1 | 4 3 |
| 3 4 | 2 0 |
-------------
| 2 3 | 0 4 |
| 4 2 | 1 0 |
-------------
, 
-------------
| 0 1 | 4 3 |
| 3 4 | 2 0 |
-------------
| 2 3 | 1 4 |
| 4 2 | 0 0 |
-------------
, 
-------------
| 0 1 | 4 3 |
| 3 4 | 2 0 |
-------------
| 2 3 | 1 4 |
| 4 2 | 0 1 |
-------------
, 
-------------
| 0 1 | 4 3 |
| 3 4 | 2 0 |
-------------
| 2 0 | 1 4 |
| 4 2 | 3 1 |
-------------
, 
-------------
| 0 1 | 4 3 |
| 3 4 | 2 0 |
-------------
| 2 0 | 1 4 |
| 4 2 | 3 1 |
-------------
, 
-------------
| 0 1 | 4 3 |
| 0 4 | 2 0 |
-------------
| 2 3 | 1 4 |
| 4 2 | 3 1 |
-------------
, 
-------------
| 0 1 | 4 3 |
| 0 4 | 2 0 |
-------------
| 2 3 | 1 4 |
| 4 2 | 3 1 |
-------------
, 
-------------
| 0 1 | 4 3 |
| 1 4 | 2 0 |
-------------
| 2 3 | 0 4 |
| 4 2 | 3 1 |
-------------
, 
-------------
| 0 1 | 4 3 |
| 1 4 | 2 0 |
-------------
| 2 3 | 1 4 |
| 4 2 | 3 1 |
-------------
, 
-------------
| 0 1 | 4 3 |
| 1 4 | 2 0 |
-------------
| 2 3 | 1 4 |
| 4 2 | 3 1 |
-------------
, 
-------------
| 0 1 | 4 3 |
| 1 4 | 2 0 |
-------------
| 2 3 | 1 4 |
| 4 2 | 3 1 |
-------------
, 
-------------
| 0 1 | 4 3 |
| 1 4 | 2 0 |
-------------
| 2 3 | 1 4 |
| 4 2 | 3 1 |
-------------
, 
-------------
| 0 1 | 4 3 |
| 1 4 | 2 0 |
-------------
| 2 3 | 1 4 |
| 4 2 | 3 1 |
-------------
, 
-------------
| 0 1 | 4 3 |
| 1 4 | 2 0 |
-------------
| 2 3 | 1 4 |
| 4 2 | 3 1 |
-------------
, 
-------------
| 0 1 | 4 3 |
| 1 4 | 2 0 |
-------------
| 2 3 | 1 4 |
| 4 2 | 3 1 |
-------------
, 
-------------
| 0 1 | 4 3 |
| 1 4 | 2 0 |
-------------
| 2 3 | 1 4 |
| 4 2 | 3 1 |
-------------
, 
-------------
| 0 1 | 4 3 |
| 1 4 | 2 0 |
-------------
| 2 3 | 1 4 |
| 4 2 | 3 1 |
-------------
, 
-------------
| 0 1 | 4 3 |
| 1 4 | 2 0 |
-------------
| 2 3 | 1 4 |
| 4 2 | 3 1 |
-------------
, 
-------------
| 0 1 | 4 3 |
| 1 4 | 2 0 |
-------------
| 2 3 | 1 4 |
| 4 2 | 3 1 |
-------------
, 
-------------
| 0 1 | 4 3 |
| 1 4 | 2 0 |
-------------
| 2 3 | 1 4 |
| 4 2 | 3 1 |
-------------
, 
-------------
| 0 1 | 4 3 |
| 1 4 | 2 0 |
-------------
| 2 3 | 1 4 |
| 4 2 | 3 1 |
-------------
, 
-------------
| 0 1 | 4 3 |
| 1 4 | 2 0 |
-------------
| 2 3 | 1 4 |
| 4 2 | 3 1 |
-------------
, 
-------------
| 0 1 | 4 3 |
| 1 4 | 2 0 |
-------------
| 2 3 | 1 4 |
| 4 2 | 3 1 |
-------------
, 
-------------
| 0 1 | 4 3 |
| 1 4 | 2 0 |
-------------
| 2 3 | 1 4 |
| 4 2 | 3 1 |
-------------
, 
-------------
| 0 1 | 4 3 |
| 1 4 | 2 0 |
-------------
| 2 3 | 1 4 |
| 4 2 | 3 1 |
-------------
, 
-------------
| 0 1 | 4 3 |
| 1 4 | 2 0 |
-------------
| 2 3 | 1 4 |
| 4 2 | 3 1 |
-------------
, 
-------------
| 0 1 | 4 3 |
| 1 4 | 2 0 |
-------------
| 2 3 | 1 4 |
| 4 2 | 3 1 |
-------------
, 
-------------
| 0 1 | 4 3 |
| 1 4 | 2 0 |
-------------
| 2 3 | 1 4 |
| 4 2 | 3 1 |
-------------
, 
-------------
| 0 1 | 4 3 |
| 1 4 | 2 0 |
-------------
| 2 3 | 1 4 |
| 4 2 | 3 1 |
-------------
, 
-------------
| 3 1 | 4 0 |
| 1 4 | 2 0 |
-------------
| 2 3 | 1 4 |
| 4 2 | 3 1 |
-------------
, 
-------------
| 3 1 | 4 0 |
| 1 4 | 2 3 |
-------------
| 2 3 | 1 4 |
| 4 2 | 3 1 |
-------------
, 
-------------
| 3 1 | 4 0 |
| 1 4 | 2 3 |
-------------
| 2 3 | 1 4 |
| 4 2 | 3 1 |
-------------
, 
-------------
| 3 1 | 4 0 |
| 1 4 | 2 3 |
-------------
| 2 3 | 1 4 |
| 4 2 | 3 1 |
-------------
, 
-------------
| 3 1 | 4 0 |
| 1 4 | 2 3 |
-------------
| 2 3 | 1 4 |
| 4 2 | 3 1 |
-------------
, 
-------------
| 3 1 | 4 0 |
| 1 4 | 2 3 |
-------------
| 2 3 | 1 4 |
| 4 2 | 3 1 |
-------------
, 
-------------
| 3 1 | 4 0 |
| 1 4 | 2 3 |
-------------
| 2 3 | 1 4 |
| 4 2 | 3 1 |
-------------
, 
-------------
| 3 1 | 4 0 |
| 1 4 | 2 3 |
-------------
| 2 3 | 1 4 |
| 4 2 | 3 1 |
-------------
, 
-------------
| 3 1 | 4 0 |
| 1 4 | 2 3 |
-------------
| 2 3 | 1 4 |
| 4 2 | 3 1 |
-------------
, 
-------------
| 3 1 | 4 0 |
| 1 4 | 2 3 |
-------------
| 2 3 | 1 4 |
| 4 2 | 3 1 |
-------------
, 
-------------
| 3 1 | 4 2 |
| 1 4 | 2 3 |
-------------
| 2 3 | 1 4 |
| 4 2 | 3 1 |
-------------
]
